version https://git-lfs.github.com/spec/v1
oid sha256:b2284c337de37c02d236e696fe3a91e70ce230a9e2330472c2989b474aba79ab
size 102094942
